39, 398
258, 492
259, 54
261, 93
262, 576
266, 173
267, 195
269, 231
270, 252
272, 286
273, 308
274, 325
275, 351
277, 393
277, 517
278, 418
280, 450
280, 543
289, 564
313, 270
322, 217
327, 354
329, 332
331, 376
332, 306
336, 269
338, 246
348, 363
366, 233
380, 182
394, 393
407, 284
412, 332
417, 253
423, 443
434, 317
437, 339
437, 372
447, 263
460, 560
464, 347
470, 321
472, 102
474, 290
474, 477
476, 454
487, 431
497, 533
500, 99
512, 417
518, 488
521, 120
526, 357
528, 67
529, 276
536, 435
551, 496
554, 522
557, 436
562, 236
563, 455
