225, 74
244, 41
299, 380
308, 322
316, 469
318, 444
320, 419
322, 493
323, 379
324, 356
360, 42
367, 295
377, 77
385, 24
389, 508
405, 361
405, 442
425, 558
427, 427
429, 402
431, 448
433, 483
437, 368
445, 23
459, 211
460, 455
461, 476
464, 429
465, 407
467, 373
473, 164
474, 282
478, 201
479, 569
484, 80
486, 543
487, 34
488, 59
499, 469
500, 221
501, 170
505, 447
507, 37
514, 524
521, 377
523, 298
523, 462
528, 42
538, 544
547, 69
550, 334
551, 387
552, 364
562, 568
563, 542
